50
3
1 2 3
2 3 5
3 5 6
2 3 4
1 2 3
4
3 5 7 9
2 5 6 8
5 9 11 12
7 8 11 12
5 6 9 11
1 3 5 7
1 2 4 5
10
2 3 6 8 11 13 16 19 21 22
4 7 8 9 14 15 18 22 23 26
22 26 28 31 34 35 39 41 44 47
13 19 20 24 26 30 32 35 39 41
9 11 15 17 20 22 25 27 30 34
19 22 23 24 27 29 34 35 37 39
21 23 26 27 30 32 36 39 42 43
6 8 11 14 15 18 19 20 25 27
14 22 25 28 29 31 33 37 42 44
11 14 16 18 20 23 24 26 29 32
2 4 5 7 9 10 12 13 14 15
5 8 11 13 16 18 20 23 26 28
12 17 19 22 24 27 31 34 36 39
8 9 13 16 17 20 22 24 28 29
7 9 14 16 18 20 21 24 27 31
15 25 27 29 32 35 36 39 43 47
16 18 20 21 25 28 31 32 33 36
3 7 8 9 11 14 17 19 22 25
10 14 18 20 23 25 28 29 32 35
7
5 6 8 9 10 12 14
4 6 8 9 12 13 14
5 7 9 10 13 14 16
10 11 13 14 15 17 19
6 8 10 11 14 15 17
3 4 6 8 10 11 13
7 8 9 10 11 14 16
3 4 6 7 8 9 11
11 13 14 16 17 19 20
7 9 12 14 15 17 19
2 3 4 5 6 7 8
9 10 12 13 14 15 17
8 11 14 16 17 19 20
3
5 7 8
3 5 7
3 5 7
5 7 8
1 3 5
3
1 2 5
1 3 6
2 6 9
5 7 10
6 9 10
7
5 10 15 17 19 21 25
15 19 21 26 29 35 38
25 29 34 40 44 50 60
10 15 18 22 25 30 35
17 30 35 40 44 46 50
20 35 38 45 50 55 60
17 20 24 31 35 40 45
10 15 19 20 22 26 29
21 26 27 35 40 46 55
13 22 26 31 33 35 40
16 25 29 35 39 40 44
5 10 12 13 16 17 20
19 22 25 33 39 44 50
4
7 9 10 12
3 5 6 7
2 3 5 6
3 5 6 9
5 6 7 8
2 3 5 7
5 6 7 10
2
22 222
22 222
2 22
10
96 115 128 146 170 188 193 202 238 249
63 77 78 86 106 111 139 181 191 210
82 86 100 118 133 146 163 187 216 221
12 26 39 45 68 93 98 114 134 149
98 119 120 139 163 193 204 210 229 237
114 142 162 181 187 202 227 244 258 280
112 118 146 166 177 190 204 227 239 252
134 165 188 191 216 238 239 254 272 293
149 190 193 210 221 249 252 276 291 315
44 51 55 74 90 108 120 162 188 193
93 103 108 111 146 188 190 192 197 231
45 63 74 86 118 146 166 169 190 220
26 34 51 77 86 115 118 141 151 159
39 53 55 78 100 128 146 162 181 204
12 19 44 63 82 96 112 124 126 138
19 34 53 63 82 103 119 142 165 190
68 82 90 106 133 170 177 187 194 229
126 151 181 190 194 197 229 258 272 291
124 141 162 169 187 192 210 244 254 276
3
1 2 3
3 4 5
2 3 4
2 3 4
1 2 3
4
1 5 7 11
7 9 11 17
1 4 6 10
4 6 9 14
11 14 17 20
6 8 11 17
10 12 17 20
5
11 13 16 18 19
7 9 10 16 18
5 6 9 10 13
1 3 4 7 9
3 4 6 11 13
1 3 5 8 11
4 6 9 13 16
9 12 13 17 19
8 11 13 16 17
4
2 4 5 9
2 4 5 10
1 2 3 8
3 5 6 11
8 10 11 13
3 5 6 12
1 2 3 7
10
4 5 6 7 8 9 10 11 12 13
3 4 5 6 7 8 9 10 11 12
7 8 9 10 11 12 13 14 15 16
3 4 5 6 7 8 9 10 11 12
1 2 3 4 5 6 7 8 9 10
6 7 8 9 10 11 12 13 14 15
8 9 10 11 12 13 14 15 16 17
4 5 6 7 8 9 10 11 12 13
5 6 7 8 9 10 11 12 13 14
5 6 7 8 9 10 11 12 13 14
10 11 12 13 14 15 16 17 18 19
6 7 8 9 10 11 12 13 14 15
10 11 12 13 14 15 16 17 18 19
8 9 10 11 12 13 14 15 16 17
9 10 11 12 13 14 15 16 17 18
1 2 3 4 5 6 7 8 9 10
2 3 4 5 6 7 8 9 10 11
2 3 4 5 6 7 8 9 10 11
9 10 11 12 13 14 15 16 17 18
2
6 8
2 4
4 8
7
1 2 3 4 5 6 7
7 8 9 10 11 12 13
5 6 7 8 9 10 11
1 2 3 4 5 6 7
2 3 4 5 6 7 8
3 4 5 6 7 8 9
4 5 6 7 8 9 10
4 5 6 7 8 9 10
2 3 4 5 6 7 8
5 6 7 8 9 10 11
6 7 8 9 10 11 12
3 4 5 6 7 8 9
7 8 9 10 11 12 13
10
2 12 22 32 42 52 62 72 82 92
3 13 23 33 43 53 63 73 83 93
11 12 13 14 15 16 17 18 19 20
61 62 63 64 65 66 67 68 69 70
41 42 43 44 45 46 47 48 49 50
10 20 30 40 50 60 70 80 90 100
71 72 73 74 75 76 77 78 79 80
1 2 3 4 5 6 7 8 9 10
21 22 23 24 25 26 27 28 29 30
6 16 26 36 46 56 66 76 86 96
7 17 27 37 47 57 67 77 87 97
9 19 29 39 49 59 69 79 89 99
91 92 93 94 95 96 97 98 99 100
4 14 24 34 44 54 64 74 84 94
81 82 83 84 85 86 87 88 89 90
1 11 21 31 41 51 61 71 81 91
51 52 53 54 55 56 57 58 59 60
31 32 33 34 35 36 37 38 39 40
5 15 25 35 45 55 65 75 85 95
6
8 11 12 14 16 18
4 7 8 10 11 12
7 8 10 12 14 15
3 6 7 8 9 11
5 7 8 10 12 13
8 9 11 14 16 17
2 4 5 7 8 10
10 11 12 16 18 20
4 6 7 9 11 12
2 3 4 6 8 9
6 9 10 12 14 16
6
10 13 18 19 20 23
9 12 15 18 20 22
13 14 18 20 25 26
16 19 21 23 26 27
12 16 20 22 25 26
3 6 9 11 13 16
7 10 15 16 18 21
3 4 7 10 12 14
11 13 16 19 22 23
4 8 12 13 14 19
6 8 10 13 16 17
7
5 7 12 13 15 18 19
8 12 15 19 20 23 26
4 6 9 12 13 15 16
8 14 15 18 21 23 25
6 12 13 15 18 20 22
9 15 16 19 23 26 27
4 9 12 13 17 19 21
11 15 17 21 22 25 27
1 2 4 5 6 8 11
2 5 7 9 12 14 15
2 5 6 7 10 12 15
3 7 9 12 14 15 17
1 2 3 4 6 8 9
5
14 24 25 31 35
6 16 18 23 24
4 9 12 15 19
5 13 16 17 23
15 17 23 26 31
4 5 6 9 14
19 23 24 29 35
9 13 16 19 24
12 16 18 24 25
9
12 21 26 31 34 37 41 43 44
24 27 36 40 44 47 53 57 60
12 15 23 27 31 33 37 41 44
8 12 15 19 21 25 29 31 35
19 29 33 37 40 42 46 50 53
22 23 35 38 43 44 50 54 56
5 12 14 15 18 19 20 23 27
8 19 23 27 28 32 36 38 40
4 5 6 8 12 16 19 22 24
11 14 19 23 26 29 33 34 38
16 19 28 32 37 41 42 45 50
22 31 34 41 44 45 50 54 57
19 20 32 36 41 43 46 50 52
6 15 19 23 27 28 32 35 36
24 35 38 44 47 50 52 56 60
15 18 27 28 34 36 40 44 47
4 8 11 12 15 16 19 22 24
3
2 3 5
2 6 7
3 7 8
7 8 13
6 7 10
3
8 10 14
1 2 7
7 11 14
1 5 8
5 7 11
4
1 5 9 13
9 10 11 12
4 8 12 16
3 7 11 15
5 6 7 8
2 6 10 14
1 2 3 4
7
22 25 27 28 30 32 34
3 8 12 13 14 15 27
6 11 15 18 20 21 32
1 2 3 4 5 6 23
5 10 14 17 19 20 31
6 11 15 18 20 21 33
4 9 13 16 17 18 29
2 7 8 9 10 11 25
3 8 12 13 14 15 26
4 9 13 16 17 18 28
23 24 26 29 31 33 34
2 7 8 9 10 11 24
1 2 3 4 5 6 22
2
2 4
2 6
6 8
4
1 2 3 4
3 4 5 6
1 2 3 4
3 4 5 6
2 3 4 5
2 3 4 5
4 5 6 7
10
46 49 51 52 55 57 58 60 62 64
1 2 3 4 5 6 7 8 9 47
7 15 22 28 33 37 40 41 42 59
8 16 23 29 34 38 41 43 44 61
7 15 22 28 33 37 40 41 42 58
6 14 21 27 32 36 37 38 39 56
4 12 19 25 26 27 28 29 30 52
1 2 3 4 5 6 7 8 9 46
2 10 11 12 13 14 15 16 17 49
6 14 21 27 32 36 37 38 39 57
9 17 24 30 35 39 42 44 45 63
5 13 20 26 31 32 33 34 35 54
2 10 11 12 13 14 15 16 17 48
9 17 24 30 35 39 42 44 45 62
3 11 18 19 20 21 22 23 24 50
5 13 20 26 31 32 33 34 35 55
8 16 23 29 34 38 41 43 44 60
47 48 50 53 54 56 59 61 63 64
3 11 18 19 20 21 22 23 24 51
2
4 5
7 12
4 7
7
43 95 116 141 161 175 196
39 77 83 91 141 156 178
75 127 148 178 186 214 217
58 99 100 115 161 183 186
26 44 59 77 99 106 125
28 61 71 83 100 122 131
25 26 28 37 43 66 75
99 125 131 144 196 206 217
25 27 33 39 58 79 99
66 103 140 156 183 199 206
79 106 122 135 175 199 214
33 59 71 90 116 140 148
37 74 90 91 115 135 144
6
10 12 14 18 25 29
7 10 13 14 19 23
5 9 10 14 18 19
2 3 7 10 12 15
10 14 17 18 22 27
3 9 11 12 16 18
12 16 19 22 27 30
16 18 23 27 30 33
2 5 7 10 12 16
12 18 21 25 27 30
7 11 13 17 21 22
7
4 11 18 25 32 39 46
3 10 17 24 31 38 45
1 8 15 22 29 36 43
36 37 38 39 40 41 42
7 14 21 28 35 42 49
22 23 24 25 26 27 28
5 12 19 26 33 40 47
8 9 10 11 12 13 14
15 16 17 18 19 20 21
1 2 3 4 5 6 7
6 13 20 27 34 41 48
43 44 45 46 47 48 49
2 9 16 23 30 37 44
10
12 15 18 21 24 27 28 33 35 38
1 2 3 6 8 11 12 13 16 18
9 12 16 18 19 21 26 30 31 37
17 24 25 29 32 33 37 40 41 42
16 20 28 30 31 35 38 39 41 45
18 27 29 30 34 35 39 43 45 48
4 6 9 11 13 16 18 19 20 22
6 8 13 14 15 20 24 27 30 34
8 13 14 15 19 24 27 29 32 34
13 19 25 27 30 33 34 37 40 43
5 7 10 12 14 19 22 25 28 31
6 11 12 14 18 21 22 26 29 30
11 16 19 20 21 27 28 30 33 35
3 9 10 13 16 18 19 24 25 29
15 18 19 22 27 28 31 34 38 39
12 18 22 24 26 28 31 34 37 39
1 4 5 6 9 12 15 16 17 18
2 6 7 8 12 15 18 21 24 27
16 21 24 26 29 30 34 37 39 41
3
2 3 4
1 2 3
1 2 3
3 4 5
3 4 5
4
6 8 11 12
8 12 15 17
3 6 7 8
11 12 14 17
8 11 13 15
6 8 11 12
3 6 8 11
10
3 5 6 8 10 12 14 16 18 19
13 18 19 22 23 24 25 26 28 30
1 3 4 6 8 10 12 14 16 18
14 15 16 17 18 21 23 25 26 29
18 19 21 22 24 25 26 27 30 32
1 2 4 6 8 9 10 11 13 15
8 10 12 13 15 17 19 21 23 25
10 14 16 17 19 20 21 23 25 26
4 6 8 9 12 13 15 16 19 21
12 13 15 16 17 19 21 24 25 28
11 16 18 20 21 22 24 25 26 27
6 8 9 11 14 16 17 20 22 24
9 12 14 16 17 18 19 21 23 25
4 6 8 9 12 14 16 18 19 21
8 10 12 14 15 16 17 18 22 24
2 5 6 8 10 12 13 15 17 19
10 12 13 15 16 18 20 22 24 26
16 17 19 20 22 23 25 26 28 31
6 8 9 11 13 15 16 17 20 22
10
8 11 13 14 21 22 25 27 29 31
15 18 21 24 27 29 31 32 35 38
3 6 9 12 15 16 18 21 24 25
25 27 31 32 37 38 40 44 46 47
13 15 19 23 29 30 31 33 36 38
6 8 11 13 14 15 18 20 21 22
3 6 8 9 11 13 15 17 18 21
21 23 27 30 31 33 35 39 40 44
18 21 25 27 35 36 38 40 44 46
9 13 15 18 24 26 28 30 31 32
17 20 24 26 32 35 36 39 42 44
21 22 28 29 38 40 42 44 45 47
11 14 16 20 27 28 29 31 34 37
15 18 22 25 31 33 34 35 38 40
18 22 25 28 29 31 34 36 38 42
24 25 29 31 34 36 38 42 44 45
6 8 11 13 18 21 22 23 25 27
16 21 22 26 28 30 33 35 36 40
9 11 13 15 16 19 22 24 25 28
2
2 6
6 8
4 8
4
47 63 69 85
39 58 69 80
33 36 58 82
52 82 85 89
13 22 39 52
13 33 47 63
63 77 80 89
2
2 4
2 6
4 8
7
15 19 27 34 37 39 41
1 5 8 12 13 16 18
2 9 12 13 15 20 22
8 13 18 24 28 32 34
11 17 21 26 30 33 35
13 15 21 28 30 34 37
1 2 6 8 11 14 15
14 18 25 30 34 36 38
16 20 22 32 33 36 39
18 22 25 34 35 38 41
6 10 16 20 21 22 25
12 13 20 24 26 30 34
5 9 10 13 17 18 19
7
11 12 15 17 18 22 24
14 17 20 24 26 29 34
7 10 11 15 18 21 24
6 8 10 13 15 16 17
15 18 21 22 25 26 29
13 16 19 22 25 26 33
3 4 7 8 10 13 14
4 8 10 12 15 18 21
14 15 18 20 23 25 26
10 15 17 18 23 25 30
8 13 14 17 20 22 27
3 6 8 11 14 15 18
8 10 11 14 17 19 20
2
2 22
2 22
22 222
4
4 6 8 9
7 9 11 13
3 6 8 9
2 4 6 7
4 8 10 11
6 9 12 13
2 3 4 6
3
1 2 3
2 3 4
2 3 4
3 4 5
3 4 5
7
9 12 13 16 18 20 22
10 14 15 18 19 21 24
8 11 12 14 15 18 19
2 3 5 7 8 9 10
10 13 15 17 19 22 24
3 5 6 9 11 12 13
2 3 5 7 8 9 10
9 12 13 15 16 20 21
3 5 7 8 10 12 14
7 9 10 11 14 16 18
8 10 12 14 15 16 19
5 6 9 10 12 13 15
7 8 10 11 14 15 17
9
11 13 15 17 19 23 25 26 28
9 12 14 16 17 19 21 23 24
6 7 10 11 12 13 16 17 19
4 6 8 10 12 14 15 16 18
11 14 15 17 19 21 22 25 27
1 2 4 6 8 9 11 12 13
4 5 8 10 11 12 14 15 17
12 15 17 19 20 24 27 29 31
10 11 14 16 17 21 22 23 24
8 10 12 13 14 15 17 19 20
6 8 11 12 14 17 19 20 21
1 2 4 5 6 8 10 11 12
2 3 6 7 8 10 11 13 15
8 10 12 13 15 19 21 22 23
13 17 18 20 21 23 24 28 31
12 15 16 19 20 22 23 26 29
5 7 10 11 13 16 17 19 20
2
4 7
1 4
4 7
